samples es D5 D6 D14 D16 D18 D24 D25 D30 D34 D36 D39 D44 D48 D52
1 155 1.639 0.108233703 0.374744228 0.039946607 0.380220588 0.094849383 22.07 0.231778014 1.053060715 0.106390759 3.9652 0.743387088 0.305023908 0.481081628
2 160 1.6425 0.107210359 0.396092138 0.046923492 0.410384266 0.094096339 21.67 0.249317109 1.022932255 0.11863616 3.6723 0.690505594 0.321822308 0.496866152
3 180 1.646 0.106142886 0.416923678 0.052374368 0.431072263 0.093215741 21.27 0.265824186 0.972824975 0.126660817 3.3794 0.638609398 0.33806673 0.512335199
4 548 1.905 0.190916694 0.325303259 0.057799658 0.310993981 0.069898888 33.45 0.096443294 0.482951996 0.075060056 10.6625 0.31878716 0.229193996 0.54149404
5 842 1.85 0.18561882 0.411347269 0.061320597 0.505151362 0.098543178 31.32 0.165308676 0.600449027 0.07535957 9.546 0.316763503 0.251816703 0.561117479
6 635 1.586 0.195179394 0.350861626 0.021958748 0.428065832 0.151780712 25.6 0.138662019 0.863336658 0.073483927 22.8048 0.822790276 0.360820012 0.659776906
7 752.8 1.798333337 0.185775708 0.495219773 0.059747611 0.514939211 0.094481173 29.21666673 0.20785067 0.705184132 0.086722214 8.970000018 0.512628148 0.318445665 0.598726264
8 620 1.832 0.194629561 0.457679989 0.058965829 0.540452778 0.064999975 30.5 0.188744995 0.635847241 0.091864002 9.748 0.553026302 0.324567556 0.605716552
9 368 1.58375 0.157788069 0.38024988 0.015175246 0.465932747 0.151590065 25.1 0.1660198 0.813839415 0.053958502 28.77 0.942644193 0.281792163 0.531181282
10 398 1.605813957 0.158256706 0.433288717 0.050622163 0.500102034 0.147461187 26.85116284 0.174717205 0.840937383 0.060247142 26.77472098 0.941730148 0.289869039 0.549679745
11 614 1.618888887 0.157954076 0.4632261 0.061015061 0.508989395 0.144849485 27.88888886 0.179120614 0.835789179 0.06305459 25.59233331 0.924177314 0.293986688 0.559828676
12 673 1.630851062 0.157318754 0.489878555 0.068170526 0.512043972 0.142347941 28.83829785 0.182673414 0.823449445 0.065135204 24.51057442 0.902314008 0.2972986 0.568572371
13 814 1.57166667 0.180951264 0.409488658 0.043443869 0.477896359 0.142620154 27.33333339 0.153910977 0.776952326 0.072119306 22.43733338 0.789787081 0.339525097 0.573848582
14 855 1.566 0.198741902 0.431405921 0.04543624 0.52271328 0.15156897 27.44 0.159182844 0.854282143 0.077982141 26.6948 0.844876862 0.376288038 0.630767905
15 584 1.674545456 0.199209629 0.310256046 0.062469197 0.331124587 0.090290937 31.51818185 0.082830689 0.633826271 0.075695969 20.69090911 0.537343611 0.284312725 0.563658168
16 240 1.559999998 0.109913001 0.483644758 0.061882395 0.470663605 0.160226668 26.4222222 0.181905691 0.853379746 0.053789436 25.86788886 0.956117511 0.215058132 0.314645964
17 350 1.5675 0.032333549 0.522007049 0.048155221 0.447891001 0.104870188 26.075 0.214768462 0.362996977 0.048842519 8.23 0.656371095 0.202523147 0.255046718
18 505 1.5758125 0.045758266 0.538198242 0.054182152 0.457902562 0.107087697 26.678125 0.217710237 0.514229917 0.051907077 8.028525 0.687519702 0.210341742 0.272087277
19 490 1.584125 0.055363392 0.554270398 0.0592181 0.465295329 0.109021669 27.28125 0.220468974 0.599240807 0.054586477 7.82705 0.707651458 0.217728212 0.288100409
20 646 1.60075 0.069176094 0.586120065 0.067202113 0.473825022 0.112119974 28.4875 0.225436845 0.68628079 0.059006661 7.4241 0.72612931 0.231318352 0.317619766
21 237 1.5907 0.078696113 0.526021803 0.056715403 0.537775342 0.087950153 22.545 0.275310835 0.994541323 0.116721607 7.0413 0.64801157 0.315514591 0.397445358
22 708 1.796666665 0.143158009 0.203216285 0.023350698 0.325505473 0.108182765 28.5333333 0.142393149 0.622091447 0.053800582 2.94333333 0.209814667 0.16560033 0.539007734
23 723 1.76969697 0.146716701 0.319177779 0.035941992 0.372296988 0.109415338 29.21212121 0.147941124 0.610152566 0.052036136 4.54848485 0.269302989 0.158196127 0.510613269
24 807 1.754285716 0.148078656 0.349269873 0.040434053 0.396730281 0.10943359 29.60000003 0.149574847 0.60222116 0.050929134 5.465714291 0.298075535 0.153771084 0.494036986
25 782 1.740540539 0.148870048 0.36525862 0.04349116 0.417279783 0.109052183 29.94594592 0.150203221 0.59438264 0.049876972 6.283783778 0.321456884 0.149693565 0.479005432
26 786 1.7225 0.149280502 0.375704194 0.046471702 0.442548358 0.108000152 30.4 0.149937189 0.58288078 0.048397007 7.3575 0.349403768 0.144137515 0.458876745
27 590 1.7325 0.14368556 0.299650846 0.020389655 0.326913655 0.103803756 26.075 0.17824356 0.751889681 0.064452279 3.73 0.548475656 0.254607793 0.552045146
28 931 1.742352943 0.140440775 0.346115602 0.048118861 0.358359883 0.112959568 27.49411766 0.183922564 0.741433286 0.067568596 3.520647064 0.584281814 0.271004434 0.576114932
29 195 1.454 0.081330099 0.450793755 0.046681893 0.516495238 0.122270829 25.6 0.168998211 0.450197533 0.06065357 26.4048 0.917010396 0.304804876 0.321272455
30 139 1.607619048 0.026937068 0.261439801 0.025359384 0.306179865 0.161706784 21.65238095 0.249383434 0.809594683 0.090890994 3.682476189 0.54269397 0.18970771 0.490981873
31 135 1.607777776 0.026023732 0.302620683 0.037352266 0.359721865 0.156583599 20.9222222 0.264774861 0.900176753 0.107189595 3.452444441 0.532476244 0.226335762 0.510928514
32 141 1.607916665 0.025197415 0.33481197 0.044481068 0.384638421 0.151906883 20.28333331 0.276646061 0.905558145 0.116940817 3.251166662 0.522653769 0.253602344 0.527032218
33 203 1.606 0.241786523 0.475426988 0.067008364 0.616898789 0.149362265 27.24 0.206243336 0.967320076 0.105926305 29.8348 0.879209588 0.500355163 0.755395344
34 406 1.666 0.0741582 0.377252586 0.07821411 0.293837098 0.180338683 27.8 0.224805854 0.669873215 0.076373287 3.1182 0.605784469 0.207019668 0.552498961
35 315 1.656 0.075866178 0.476151054 0.101558724 0.370255455 0.117947038 25.84 0.264570276 0.833992402 0.120725586 2.5446 0.667773183 0.292315997 0.34518805
36 402 1.65666667 0.069234006 0.435456608 0.093253986 0.361401906 0.164260918 24.95000005 0.26248854 0.767227599 0.1113848 2.637166672 0.609243458 0.275423711 0.577495025
37 664 1.756444443 0.179658722 0.456976133 0.052757647 0.502502093 0.061757066 29.81777775 0.184027666 0.653160125 0.081862613 8.416666662 0.592498173 0.298051092 0.570612985
38 905 1.749787232 0.177383875 0.453038575 0.052755212 0.492923548 0.061031666 29.68936167 0.180150118 0.650108994 0.081041038 8.107446796 0.578173574 0.29361577 0.568658401
39 764 1.743673471 0.175161841 0.449078449 0.052673267 0.483869461 0.060306052 29.5714286 0.1765051 0.646828837 0.080212355 7.823469397 0.564630704 0.289350946 0.566549108
40 811 1.7225 0.149280502 0.375704194 0.046471702 0.442548358 0.108000152 30.4 0.149937189 0.58288078 0.048397007 7.3575 0.349403768 0.144137515 0.458876745
41 115 1.495 0.074138943 0.267666074 0.011952393 0.332353439 0.129249507 21.82 0.184696069 0.453723178 0.032790992 2.8362 0.788887228 0.263005804 0.175266929
42 60 1.561 0.057043519 0.267627504 0.008364167 0.286128408 0.17801268 21.72 0.241479114 0.599299425 0.079345558 3.4194 0.737069844 0.224533333 0.507266616
43 60 1.5625 0.057453146 0.343053798 0.04333722 0.386663937 0.17935694 19.305 0.260306335 1.000347061 0.130797779 3.2817 0.745052768 0.272434627 0.608301778
44 130 1.5681 0.057632557 0.377625353 0.050949747 0.417389784 0.179937846 18.665 0.282143202 0.924107617 0.140119707 2.81306 0.659236881 0.297008713 0.637998073
45 155 1.5716 0.057630977 0.398401672 0.054330721 0.428417842 0.180231851 18.265 0.294861641 0.867193818 0.142607196 2.52016 0.60675181 0.311510259 0.656350924
46 230 1.5751 0.057543383 0.418677263 0.056859837 0.434901922 0.180471832 17.865 0.306941846 0.808309297 0.142978588 2.22726 0.554506415 0.325447945 0.674571184
47 156 1.596 0.018838717 0.377090552 0.047797931 0.474451408 0.094048503 21.16 0.28397051 0.996416137 0.124155148 2.7404 0.540780242 0.275753051 0.275112706
48 879 1.62 0.177880629 0.388276898 0.041746 0.527466189 0.119990897 28.6 0.163780036 0.722837144 0.06104845 26.888 0.871500099 0.292682927 0.551416434
49 694 1.743846156 0.161123522 0.323641468 0.046182646 0.375273921 0.08384067 32.15384619 0.104488182 0.508455395 0.050183709 7.883076931 0.36559559 0.131194184 0.464573845
50 741 1.735714287 0.156901875 0.345273245 0.046520212 0.419132483 0.094919576 31.48571432 0.12527202 0.537861811 0.049660999 7.682857151 0.360232677 0.137167339 0.463524653
51 772 1.728666668 0.152962133 0.362230404 0.046587228 0.436836794 0.102552612 30.9066667 0.139559122 0.562322581 0.049053105 7.509333341 0.354807252 0.141298541 0.461526127
52 502 1.656 0.194819155 0.493213747 0.054680167 0.491943599 0.152427684 26.73 0.196297683 0.838426401 0.087120837 16.5244 0.696265571 0.38582213 0.644763541
53 409 1.605000003 0.220861802 0.469884758 0.064903574 0.555959761 0.140757488 27.16666672 0.18868695 0.896262063 0.098825567 25.05400005 0.798275947 0.454283111 0.701041696
54 736 1.684285716 0.22641386 0.443693015 0.060074925 0.513609386 0.149878628 28.42857146 0.175711639 0.802462784 0.095377683 21.84628574 0.708608621 0.418946256 0.702063457
55 295 1.454 0.081330099 0.450793755 0.046681893 0.516495238 0.122270829 25.6 0.168998211 0.450197533 0.06065357 26.4048 0.917010396 0.304804876 0.321272455
56 210 1.8286 0.165640099 0.615949924 0.076007639 0.528026298 0.126518309 23.779 0.324177422 0.572358866 0.107584902 4.5692 0.504283927 0.446367783 0.813062625
57 674 1.5858 0.18743294 0.293263407 0.045682386 0.288963775 0.123386267 27.97 0.097932962 0.711641938 0.060501608 36.322 0.720270343 0.317426817 0.607593902
58 707 1.5944 0.188943671 0.293710079 0.045714184 0.28641588 0.123958413 28.075 0.097376176 0.708589754 0.061032662 35.308 0.704586033 0.315649912 0.6108602
59 696 1.5708 0.18837379 0.284450995 0.048622999 0.303878379 0.124857818 28.598 0.100735521 0.712432531 0.057539922 39.5835 0.796451378 0.315847691 0.592713684
60 701 1.7136 0.176456384 0.310415673 0.04863264 0.244537415 0.099347519 30.405 0.079707528 0.56706501 0.063075674 14.486 0.421879297 0.227647438 0.561122089
61 784 1.647 0.186559642 0.291429867 0.045160297 0.265737933 0.121386186 29.132 0.089099498 0.647233996 0.0601641 26.6025 0.589885453 0.276969384 0.593361051
62 731 1.648 0.186253792 0.29006917 0.044449411 0.262601822 0.121392105 29.04 0.088613632 0.647639937 0.060275021 26.408 0.584121556 0.277103496 0.595364343
63 677 1.5742 0.186880719 0.291008321 0.045605635 0.293496916 0.123390333 27.852 0.099240832 0.720420522 0.05979403 38.3645 0.752269678 0.321913568 0.606152944
64 656 1.5772 0.185710745 0.292794184 0.045647235 0.2914436 0.122716915 27.865 0.098484803 0.714040796 0.059952383 37.336 0.736074468 0.319062081 0.603900197
